-0.0006820
-0.0006228
-0.0005621
-0.0005001
-0.0004368
-0.0003720
-0.0003060
-0.0002386
-0.0001700
-0.0001000
-0.0000288
0.0000436
0.0001173
0.0001921
0.0002681
0.0003453
0.0004236
0.0005030
0.0005835
0.0006650
0.0007476
0.0008312
0.0009157
0.0010012
0.0010877
0.0011750
0.0012632
0.0013522
0.0014421
0.0015327
0.0016240
0.0017161
0.0018088
0.0019022
0.0019963
0.0020908
0.0021860
0.0022816
0.0023778
0.0024744
0.0025713
0.0026687
0.0027664
0.0028644
0.0029627
0.0030612
0.0031599
0.0032587
0.0033577
0.0034567
0.0035558
0.0036548
0.0037539
0.0038529
0.0039517
0.0040504
0.0041489
0.0042472
0.0043453
0.0044430
0.0045404
0.0046374
0.0047339
0.0048301
0.0049257
0.0050208
0.0051153
0.0052092
0.0053024
0.0053950
0.0054868
0.0055779
0.0056682
0.0057577
0.0058462
0.0059339
0.0060206
0.0061064
0.0061911
0.0062748
0.0063574
0.0064388
0.0065192
0.0065983
0.0066762
0.0067529
0.0068283
0.0069023
0.0069751
0.0070464
0.0071164
0.0071849
0.0072519
0.0073175
0.0073815
0.0074440
0.0075049
0.0075642
0.0076219
0.0076780
0.0077323
0.0077850
0.0078360
0.0078852
0.0079327
0.0079784
0.0080223
0.0080643
0.0081046
0.0081430
0.0081795
0.0082141
0.0082468
0.0082777
0.0083065
0.0083335
0.0083585
0.0083815
0.0084026
0.0084217
0.0084388
0.0084539
0.0084670
0.0084781
0.0084872
0.0084943
0.0084994
0.0085024
0.0085034
0.0085024
0.0084994
0.0084943
0.0084872
0.0084781
0.0084670
0.0084539
0.0084388
0.0084217
0.0084026
0.0083815
0.0083585
0.0083335
0.0083065
0.0082777
0.0082468
0.0082141
0.0081795
0.0081430
0.0081046
0.0080643
0.0080223
0.0079784
0.0079327
0.0078852
0.0078360
0.0077850
0.0077323
0.0076780
0.0076219
0.0075642
0.0075049
0.0074440
0.0073815
0.0073175
0.0072519
0.0071849
0.0071164
0.0070464
0.0069751
0.0069023
0.0068283
0.0067529
0.0066762
0.0065983
0.0065192
0.0064388
0.0063574
0.0062748
0.0061911
0.0061064
0.0060206
0.0059339
0.0058462
0.0057577
0.0056682
0.0055779
0.0054868
0.0053950
0.0053024
0.0052092
0.0051153
0.0050208
0.0049257
0.0048301
0.0047339
0.0046374
0.0045404
0.0044430
0.0043453
0.0042472
0.0041489
0.0040504
0.0039517
0.0038529
0.0037539
0.0036548
0.0035558
0.0034567
0.0033577
0.0032587
0.0031599
0.0030612
0.0029627
0.0028644
0.0027664
0.0026687
0.0025713
0.0024744
0.0023778
0.0022816
0.0021860
0.0020908
0.0019963
0.0019022
0.0018088
0.0017161
0.0016240
0.0015327
0.0014421
0.0013522
0.0012632
0.0011750
0.0010877
0.0010012
0.0009157
0.0008312
0.0007476
0.0006650
0.0005835
0.0005030
0.0004236
0.0003453
0.0002681
0.0001921
0.0001173
0.0000436
-0.0000288
-0.0001000
-0.0001700
-0.0002386
-0.0003060
-0.0003720
-0.0004368
-0.0005001
-0.0005621
-0.0006228
-0.0006820
0.0019938
0.0018293
0.0016583
0.0014809
0.0012975
0.0011084
0.0009137
0.0007139
0.0005092
0.0002999
0.0000865
-0.0001308
-0.0003515
-0.0005754
-0.0008019
-0.0010306
-0.0012613
-0.0014934
-0.0017265
-0.0019601
-0.0021939
-0.0024273
-0.0026600
-0.0028914
-0.0031210
-0.0033485
-0.0035734
-0.0037951
-0.0040132
-0.0042273
-0.0044369
-0.0046416
-0.0048408
-0.0050342
-0.0052212
-0.0054016
-0.0055748
-0.0057405
-0.0058982
-0.0060476
-0.0061883
-0.0063199
-0.0064421
-0.0065546
-0.0066571
-0.0067492
-0.0068306
-0.0069012
-0.0069607
-0.0070089
-0.0070455
-0.0070704
-0.0070835
-0.0070845
-0.0070735
-0.0070502
-0.0070147
-0.0069669
-0.0069068
-0.0068344
-0.0067497
-0.0066528
-0.0065438
-0.0064227
-0.0062898
-0.0061451
-0.0059888
-0.0058211
-0.0056423
-0.0054527
-0.0052523
-0.0050417
-0.0048210
-0.0045907
-0.0043510
-0.0041024
-0.0038453
-0.0035800
-0.0033070
-0.0030267
-0.0027397
-0.0024463
-0.0021472
-0.0018427
-0.0015335
-0.0012201
-0.0009029
-0.0005826
-0.0002598
0.0000651
0.0003914
0.0007186
0.0010460
0.0013731
0.0016992
0.0020239
0.0023465
0.0026663
0.0029830
0.0032957
0.0036041
0.0039074
0.0042053
0.0044970
0.0047820
0.0050599
0.0053302
0.0055922
0.0058456
0.0060898
0.0063244
0.0065489
0.0067630
0.0069662
0.0071581
0.0073385
0.0075069
0.0076630
0.0078065
0.0079372
0.0080549
0.0081592
0.0082500
0.0083271
0.0083904
0.0084398
0.0084751
0.0084963
0.0085034
0.0084963
0.0084751
0.0084398
0.0083904
0.0083271
0.0082500
0.0081592
0.0080549
0.0079372
0.0078065
0.0076630
0.0075069
0.0073385
0.0071581
0.0069662
0.0067630
0.0065489
0.0063244
0.0060898
0.0058456
0.0055922
0.0053302
0.0050599
0.0047820
0.0044970
0.0042053
0.0039074
0.0036041
0.0032957
0.0029830
0.0026663
0.0023465
0.0020239
0.0016992
0.0013731
0.0010460
0.0007186
0.0003914
0.0000651
-0.0002598
-0.0005826
-0.0009029
-0.0012201
-0.0015335
-0.0018427
-0.0021472
-0.0024463
-0.0027397
-0.0030267
-0.0033070
-0.0035800
-0.0038453
-0.0041024
-0.0043510
-0.0045907
-0.0048210
-0.0050417
-0.0052523
-0.0054527
-0.0056423
-0.0058211
-0.0059888
-0.0061451
-0.0062898
-0.0064227
-0.0065438
-0.0066528
-0.0067497
-0.0068344
-0.0069068
-0.0069669
-0.0070147
-0.0070502
-0.0070735
-0.0070845
-0.0070835
-0.0070704
-0.0070455
-0.0070089
-0.0069607
-0.0069012
-0.0068306
-0.0067492
-0.0066571
-0.0065546
-0.0064421
-0.0063199
-0.0061883
-0.0060476
-0.0058982
-0.0057405
-0.0055748
-0.0054016
-0.0052212
-0.0050342
-0.0048408
-0.0046416
-0.0044369
-0.0042273
-0.0040132
-0.0037951
-0.0035734
-0.0033485
-0.0031210
-0.0028914
-0.0026600
-0.0024273
-0.0021939
-0.0019601
-0.0017265
-0.0014934
-0.0012613
-0.0010306
-0.0008019
-0.0005754
-0.0003515
-0.0001308
0.0000865
0.0002999
0.0005092
0.0007139
0.0009137
0.0011084
0.0012975
0.0014809
0.0016583
0.0018293
0.0019938
0.0009171
0.0009085
0.0008790
0.0008295
0.0007611
0.0006755
0.0005743
0.0004596
0.0003336
0.0001988
0.0000576
-0.0000871
-0.0002326
-0.0003759
-0.0005141
-0.0006442
-0.0007633
-0.0008685
-0.0009571
-0.0010264
-0.0010741
-0.0010977
-0.0010954
-0.0010654
-0.0010062
-0.0009167
-0.0007961
-0.0006440
-0.0004603
-0.0002454
-0.0000000
0.0002748
0.0005774
0.0009059
0.0012581
0.0016312
0.0020222
0.0024278
0.0028443
0.0032679
0.0036942
0.0041191
0.0045379
0.0049459
0.0053386
0.0057110
0.0060585
0.0063764
0.0066602
0.0069054
0.0071079
0.0072637
0.0073693
0.0074214
0.0074171
0.0073540
0.0072301
0.0070439
0.0067945
0.0064815
0.0061050
0.0056657
0.0051651
0.0046049
0.0039877
0.0033165
0.0025950
0.0018274
0.0010183
0.0001729
-0.0007031
-0.0016037
-0.0025226
-0.0034529
-0.0043878
-0.0053200
-0.0062421
-0.0071468
-0.0080265
-0.0088739
-0.0096816
-0.0104425
-0.0111496
-0.0117964
-0.0123766
-0.0128843
-0.0133141
-0.0136613
-0.0139215
-0.0140910
-0.0141670
-0.0141470
-0.0140295
-0.0138137
-0.0134995
-0.0130876
-0.0125796
-0.0119776
-0.0112847
-0.0105047
-0.0096421
-0.0087021
-0.0076905
-0.0066139
-0.0054793
-0.0042944
-0.0030671
-0.0018058
-0.0005195
0.0007828
0.0020919
0.0033984
0.0046929
0.0059659
0.0072082
0.0084105
0.0095641
0.0106603
0.0116911
0.0126487
0.0135260
0.0143163
0.0150137
0.0156131
0.0161097
0.0164999
0.0167808
0.0169502
0.0170068
0.0169502
0.0167808
0.0164999
0.0161097
0.0156131
0.0150137
0.0143163
0.0135260
0.0126487
0.0116911
0.0106603
0.0095641
0.0084105
0.0072082
0.0059659
0.0046929
0.0033984
0.0020919
0.0007828
-0.0005195
-0.0018058
-0.0030671
-0.0042944
-0.0054793
-0.0066139
-0.0076905
-0.0087021
-0.0096421
-0.0105047
-0.0112847
-0.0119776
-0.0125796
-0.0130876
-0.0134995
-0.0138137
-0.0140295
-0.0141470
-0.0141670
-0.0140910
-0.0139215
-0.0136613
-0.0133141
-0.0128843
-0.0123766
-0.0117964
-0.0111496
-0.0104425
-0.0096816
-0.0088739
-0.0080265
-0.0071468
-0.0062421
-0.0053200
-0.0043878
-0.0034529
-0.0025226
-0.0016037
-0.0007031
0.0001729
0.0010183
0.0018274
0.0025950
0.0033165
0.0039877
0.0046049
0.0051651
0.0056657
0.0061050
0.0064815
0.0067945
0.0070439
0.0072301
0.0073540
0.0074171
0.0074214
0.0073693
0.0072637
0.0071079
0.0069054
0.0066602
0.0063764
0.0060585
0.0057110
0.0053386
0.0049459
0.0045379
0.0041191
0.0036942
0.0032679
0.0028443
0.0024278
0.0020222
0.0016312
0.0012581
0.0009059
0.0005774
0.0002748
-0.0000000
-0.0002454
-0.0004603
-0.0006440
-0.0007961
-0.0009167
-0.0010062
-0.0010654
-0.0010954
-0.0010977
-0.0010741
-0.0010264
-0.0009571
-0.0008685
-0.0007633
-0.0006442
-0.0005141
-0.0003759
-0.0002326
-0.0000871
0.0000576
0.0001988
0.0003336
0.0004596
0.0005743
0.0006755
0.0007611
0.0008295
0.0008790
0.0009085
0.0009171
-0.0002519
0.0001546
0.0004878
0.0007361
0.0008924
0.0009546
0.0009255
0.0008128
0.0006288
0.0003898
0.0001151
-0.0001736
-0.0004533
-0.0007009
-0.0008947
-0.0010147
-0.0010446
-0.0009720
-0.0007895
-0.0004951
-0.0000927
0.0004082
0.0009926
0.0016402
0.0023266
0.0030242
0.0037028
0.0043317
0.0048804
0.0053202
0.0056258
0.0057759
0.0057550
0.0055535
0.0051691
0.0046065
0.0038776
0.0030015
0.0020033
0.0009139
-0.0002319
-0.0013959
-0.0025389
-0.0036217
-0.0046068
-0.0054603
-0.0061529
-0.0066616
-0.0069705
-0.0070716
-0.0069652
-0.0066599
-0.0061725
-0.0055271
-0.0047541
-0.0038891
-0.0029712
-0.0020412
-0.0011400
-0.0003064
0.0004243
0.0010225
0.0014652
0.0017377
0.0018342
0.0017580
0.0015222
0.0011486
0.0006673
0.0001152
-0.0004652
-0.0010281
-0.0015266
-0.0019142
-0.0021482
-0.0021909
-0.0020124
-0.0015922
-0.0009206
-0.0000000
0.0011548
0.0025161
0.0040444
0.0056887
0.0073885
0.0090757
0.0106771
0.0121170
0.0133203
0.0142157
0.0147386
0.0148342
0.0144602
0.0135890
0.0122100
0.0103301
0.0079753
0.0051901
0.0020366
-0.0014062
-0.0050452
-0.0087756
-0.0124842
-0.0160530
-0.0193632
-0.0222993
-0.0247532
-0.0266283
-0.0278429
-0.0283339
-0.0280590
-0.0269990
-0.0251591
-0.0225694
-0.0192842
-0.0153810
-0.0109587
-0.0061341
-0.0010391
0.0041839
0.0093858
0.0144163
0.0191282
0.0233822
0.0270519
0.0300275
0.0322194
0.0335616
0.0340136
0.0335616
0.0322194
0.0300275
0.0270519
0.0233822
0.0191282
0.0144163
0.0093858
0.0041839
-0.0010391
-0.0061341
-0.0109587
-0.0153810
-0.0192842
-0.0225694
-0.0251591
-0.0269990
-0.0280590
-0.0283339
-0.0278429
-0.0266283
-0.0247532
-0.0222993
-0.0193632
-0.0160530
-0.0124842
-0.0087756
-0.0050452
-0.0014062
0.0020366
0.0051901
0.0079753
0.0103301
0.0122100
0.0135890
0.0144602
0.0148342
0.0147386
0.0142157
0.0133203
0.0121170
0.0106771
0.0090757
0.0073885
0.0056887
0.0040444
0.0025161
0.0011548
-0.0000000
-0.0009206
-0.0015922
-0.0020124
-0.0021909
-0.0021482
-0.0019142
-0.0015266
-0.0010281
-0.0004652
0.0001152
0.0006673
0.0011486
0.0015222
0.0017580
0.0018342
0.0017377
0.0014652
0.0010225
0.0004243
-0.0003064
-0.0011400
-0.0020412
-0.0029712
-0.0038891
-0.0047541
-0.0055271
-0.0061725
-0.0066599
-0.0069652
-0.0070716
-0.0069705
-0.0066616
-0.0061529
-0.0054603
-0.0046068
-0.0036217
-0.0025389
-0.0013959
-0.0002319
0.0009139
0.0020033
0.0030015
0.0038776
0.0046065
0.0051691
0.0055535
0.0057550
0.0057759
0.0056258
0.0053202
0.0048804
0.0043317
0.0037028
0.0030242
0.0023266
0.0016402
0.0009926
0.0004082
-0.0000927
-0.0004951
-0.0007895
-0.0009720
-0.0010446
-0.0010147
-0.0008947
-0.0007009
-0.0004533
-0.0001736
0.0001151
0.0003898
0.0006288
0.0008128
0.0009255
0.0009546
0.0008924
0.0007361
0.0004878
0.0001546
-0.0002519
-0.0043755
-0.0041954
-0.0035590
-0.0026008
-0.0015003
-0.0004506
0.0003773
0.0008648
0.0009667
0.0007184
0.0002286
-0.0003422
-0.0008136
-0.0010208
-0.0008483
-0.0002553
0.0007125
0.0019273
0.0031982
0.0043038
0.0050304
0.0052116
0.0047598
0.0036855
0.0020995
0.0001981
-0.0017676
-0.0035321
-0.0048589
-0.0055806
-0.0056258
-0.0050313
-0.0039342
-0.0025471
-0.0011193
0.0001077
0.0009440
0.0012857
0.0011332
0.0005908
-0.0001543
-0.0008674
-0.0013129
-0.0013019
-0.0007317
0.0003885
0.0019330
0.0036760
0.0053274
0.0065827
0.0071768
0.0069341
0.0058039
0.0038758
0.0013711
-0.0013899
-0.0040373
-0.0062126
-0.0076275
-0.0081129
-0.0076475
-0.0063611
-0.0045114
-0.0024386
-0.0005038
0.0009756
0.0017849
0.0018510
0.0012577
0.0002301
-0.0009065
-0.0017893
-0.0020892
-0.0015790
-0.0001854
0.0019851
0.0046533
0.0074056
0.0097608
0.0112516
0.0115099
0.0103382
0.0077552
0.0040066
-0.0004637
-0.0050779
-0.0092137
-0.0123058
-0.0139410
-0.0139303
-0.0123450
-0.0095082
-0.0059424
-0.0022800
0.0008486
0.0029304
0.0036683
0.0030444
0.0013345
-0.0009303
-0.0030531
-0.0042963
-0.0040248
-0.0018412
0.0023095
0.0080888
0.0147770
0.0213542
0.0266407
0.0294773
0.0289204
0.0244199
0.0159507
0.0040732
-0.0100904
-0.0249684
-0.0387263
-0.0495064
-0.0556859
-0.0561179
-0.0503182
-0.0385683
-0.0219174
-0.0020781
0.0187716
0.0382563
0.0541039
0.0644388
0.0680272
0.0644388
0.0541039
0.0382563
0.0187716
-0.0020781
-0.0219174
-0.0385683
-0.0503182
-0.0561179
-0.0556859
-0.0495064
-0.0387263
-0.0249684
-0.0100904
0.0040732
0.0159507
0.0244199
0.0289204
0.0294773
0.0266407
0.0213542
0.0147770
0.0080888
0.0023095
-0.0018412
-0.0040248
-0.0042963
-0.0030531
-0.0009303
0.0013345
0.0030444
0.0036683
0.0029304
0.0008486
-0.0022800
-0.0059424
-0.0095082
-0.0123450
-0.0139303
-0.0139410
-0.0123058
-0.0092137
-0.0050779
-0.0004637
0.0040066
0.0077552
0.0103382
0.0115099
0.0112516
0.0097608
0.0074056
0.0046533
0.0019851
-0.0001854
-0.0015790
-0.0020892
-0.0017893
-0.0009065
0.0002301
0.0012577
0.0018510
0.0017849
0.0009756
-0.0005038
-0.0024386
-0.0045114
-0.0063611
-0.0076475
-0.0081129
-0.0076275
-0.0062126
-0.0040373
-0.0013899
0.0013711
0.0038758
0.0058039
0.0069341
0.0071768
0.0065827
0.0053274
0.0036760
0.0019330
0.0003885
-0.0007317
-0.0013019
-0.0013129
-0.0008674
-0.0001543
0.0005908
0.0011332
0.0012857
0.0009440
0.0001077
-0.0011193
-0.0025471
-0.0039342
-0.0050313
-0.0056258
-0.0055806
-0.0048589
-0.0035321
-0.0017676
0.0001981
0.0020995
0.0036855
0.0047598
0.0052116
0.0050304
0.0043038
0.0031982
0.0019273
0.0007125
-0.0002553
-0.0008483
-0.0010208
-0.0008136
-0.0003422
0.0002286
0.0007184
0.0009667
0.0008648
0.0003773
-0.0004506
-0.0015003
-0.0026008
-0.0035590
-0.0041954
-0.0043755
0.0036649
0.0043909
0.0030712
0.0001632
-0.0028769
-0.0044917
-0.0040003
-0.0019998
0.0000834
0.0009832
0.0004456
-0.0006450
-0.0009540
0.0002804
0.0026119
0.0046021
0.0047672
0.0026188
-0.0009224
-0.0040467
-0.0051833
-0.0039831
-0.0014953
0.0005854
0.0010857
0.0001318
-0.0009999
-0.0008598
0.0010521
0.0038150
0.0056258
0.0050092
0.0018781
-0.0022984
-0.0053674
-0.0058417
-0.0038240
-0.0008769
0.0010745
0.0010604
-0.0003066
-0.0013333
-0.0005352
0.0021887
0.0053386
0.0067478
0.0050627
0.0007543
-0.0040574
-0.0068933
-0.0064751
-0.0035062
-0.0001367
0.0015303
0.0008708
-0.0008827
-0.0015940
0.0001463
0.0038568
0.0073197
0.0080084
0.0048446
-0.0009257
-0.0063867
-0.0087511
-0.0071181
-0.0030007
0.0007546
0.0019333
0.0004573
-0.0016272
-0.0016966
0.0014250
0.0063964
0.0100608
0.0095196
0.0041990
-0.0035353
-0.0097179
-0.0112516
-0.0078685
-0.0022386
0.0018879
0.0022665
-0.0003086
-0.0026258
-0.0014634
0.0038660
0.0106548
0.0143537
0.0116077
0.0027421
-0.0080746
-0.0152550
-0.0152951
-0.0090228
-0.0010077
0.0035697
0.0025153
-0.0018130
-0.0041784
-0.0003708
0.0093066
0.0195215
0.0230199
0.0155104
-0.0009274
-0.0184273
-0.0278820
-0.0246900
-0.0118849
0.0016972
0.0073367
0.0026691
-0.0061062
-0.0080495
0.0046191
0.0295540
0.0532813
0.0578408
0.0319013
-0.0201807
-0.0774526
-0.1113717
-0.1006364
-0.0438348
0.0375432
0.1082078
0.1360544
0.1082078
0.0375432
-0.0438348
-0.1006364
-0.1113717
-0.0774526
-0.0201807
0.0319013
0.0578408
0.0532813
0.0295540
0.0046191
-0.0080495
-0.0061062
0.0026691
0.0073367
0.0016972
-0.0118849
-0.0246900
-0.0278820
-0.0184273
-0.0009274
0.0155104
0.0230199
0.0195215
0.0093066
-0.0003708
-0.0041784
-0.0018130
0.0025153
0.0035697
-0.0010077
-0.0090228
-0.0152951
-0.0152550
-0.0080746
0.0027421
0.0116077
0.0143537
0.0106548
0.0038660
-0.0014634
-0.0026258
-0.0003086
0.0022665
0.0018879
-0.0022386
-0.0078685
-0.0112516
-0.0097179
-0.0035353
0.0041990
0.0095196
0.0100608
0.0063964
0.0014250
-0.0016966
-0.0016272
0.0004573
0.0019333
0.0007546
-0.0030007
-0.0071181
-0.0087511
-0.0063867
-0.0009257
0.0048446
0.0080084
0.0073197
0.0038568
0.0001463
-0.0015940
-0.0008827
0.0008708
0.0015303
-0.0001367
-0.0035062
-0.0064751
-0.0068933
-0.0040574
0.0007543
0.0050627
0.0067478
0.0053386
0.0021887
-0.0005352
-0.0013333
-0.0003066
0.0010604
0.0010745
-0.0008769
-0.0038240
-0.0058417
-0.0053674
-0.0022984
0.0018781
0.0050092
0.0056258
0.0038150
0.0010521
-0.0008598
-0.0009999
0.0001318
0.0010857
0.0005854
-0.0014953
-0.0039831
-0.0051833
-0.0040467
-0.0009224
0.0026188
0.0047672
0.0046021
0.0026119
0.0002804
-0.0009540
-0.0006450
0.0004456
0.0009832
0.0000834
-0.0019998
-0.0040003
-0.0044917
-0.0028769
0.0001632
0.0030712
0.0043909
0.0036649
-0.0012663
-0.0024651
-0.0019751
-0.0001088
0.0018630
0.0025759
0.0015155
-0.0006127
-0.0023518
-0.0024900
-0.0009045
0.0013350
0.0026877
0.0022004
0.0001789
-0.0020025
-0.0028341
-0.0017152
0.0006137
0.0025597
0.0027660
0.0010572
-0.0014173
-0.0029555
-0.0024723
-0.0002639
0.0021710
0.0031471
0.0019579
-0.0006146
-0.0028129
-0.0031031
-0.0012443
0.0015180
0.0032845
0.0028072
0.0003690
-0.0023792
-0.0035350
-0.0022597
0.0006154
0.0031287
0.0035250
0.0014792
-0.0016442
-0.0036990
-0.0032305
-0.0005025
0.0026434
0.0040290
0.0026454
-0.0006161
-0.0035344
-0.0040687
-0.0017831
0.0018075
0.0042382
0.0037833
0.0006777
-0.0029904
-0.0046808
-0.0031563
0.0006167
0.0040754
0.0047972
0.0021922
-0.0020279
-0.0049696
-0.0045367
-0.0009179
0.0034674
0.0055815
0.0038662
-0.0006173
-0.0048346
-0.0058254
-0.0027732
0.0023422
0.0060201
0.0056258
0.0012677
-0.0041658
-0.0069099
-0.0049209
0.0006177
0.0059795
0.0073888
0.0036643
-0.0028280
-0.0076596
-0.0073422
-0.0018246
0.0052885
0.0090691
0.0066552
-0.0006180
-0.0079078
-0.0100572
-0.0052067
0.0036805
0.0105824
0.0104523
0.0028516
-0.0073956
-0.0132016
-0.0100440
0.0006182
0.0118507
0.0156536
0.0085311
-0.0055723
-0.0172796
-0.0178309
-0.0053827
0.0128079
0.0243164
0.0196365
-0.0006184
-0.0244567
-0.0349144
-0.0209886
0.0134034
0.0485111
0.0576493
0.0218255
-0.0578831
-0.1576218
-0.2401571
0.7278912
-0.2401571
-0.1576218
-0.0578831
0.0218255
0.0576493
0.0485111
0.0134034
-0.0209886
-0.0349144
-0.0244567
-0.0006184
0.0196365
0.0243164
0.0128079
-0.0053827
-0.0178309
-0.0172796
-0.0055723
0.0085311
0.0156536
0.0118507
0.0006182
-0.0100440
-0.0132016
-0.0073956
0.0028516
0.0104523
0.0105824
0.0036805
-0.0052067
-0.0100572
-0.0079078
-0.0006180
0.0066552
0.0090691
0.0052885
-0.0018246
-0.0073422
-0.0076596
-0.0028280
0.0036643
0.0073888
0.0059795
0.0006177
-0.0049209
-0.0069099
-0.0041658
0.0012677
0.0056258
0.0060201
0.0023422
-0.0027732
-0.0058254
-0.0048346
-0.0006173
0.0038662
0.0055815
0.0034674
-0.0009179
-0.0045367
-0.0049696
-0.0020279
0.0021922
0.0047972
0.0040754
0.0006167
-0.0031563
-0.0046808
-0.0029904
0.0006777
0.0037833
0.0042382
0.0018075
-0.0017831
-0.0040687
-0.0035344
-0.0006161
0.0026454
0.0040290
0.0026434
-0.0005025
-0.0032305
-0.0036990
-0.0016442
0.0014792
0.0035250
0.0031287
0.0006154
-0.0022597
-0.0035350
-0.0023792
0.0003690
0.0028072
0.0032845
0.0015180
-0.0012443
-0.0031031
-0.0028129
-0.0006146
0.0019579
0.0031471
0.0021710
-0.0002639
-0.0024723
-0.0029555
-0.0014173
0.0010572
0.0027660
0.0025597
0.0006137
-0.0017152
-0.0028341
-0.0020025
0.0001789
0.0022004
0.0026877
0.0013350
-0.0009045
-0.0024900
-0.0023518
-0.0006127
0.0015155
0.0025759
0.0018630
-0.0001088
-0.0019751
-0.0024651
-0.0012663
